image_width: 640
image_height: 480
camera_name: narrow_stereo
camera_matrix:
  rows: 3
  cols: 3
  data: [613.287086, 0.000000, 353.369989, 0.000000, 607.086683, 245.527135, 0.000000, 0.000000, 1.000000]
distortion_model: plumb_bob
distortion_coefficients:
  rows: 1
  cols: 5
  data: [0.212206, -0.246353, 0.006516, 0.032366, 0.000000]
rectification_matrix:
  rows: 3
  cols: 3
  data: [1.000000, 0.000000, 0.000000, 0.000000, 1.000000, 0.000000, 0.000000, 0.000000, 1.000000]
projection_matrix:
  rows: 3
  cols: 4
  data: [633.655029, 0.000000, 369.230455, 0.000000, 0.000000, 648.102478, 247.209089, 0.000000, 0.000000, 0.000000, 1.000000, 0.000000]
