# oST version 5.0 parameters


[image]

width
640

height
480

[narrow_stereo]

camera matrix
613.287086 0.000000 353.369989
0.000000 607.086683 245.527135
0.000000 0.000000 1.000000

distortion
0.212206 -0.246353 0.006516 0.032366 0.000000

rectification
1.000000 0.000000 0.000000
0.000000 1.000000 0.000000
0.000000 0.000000 1.000000

projection
633.655029 0.000000 369.230455 0.000000
0.000000 648.102478 247.209089 0.000000
0.000000 0.000000 1.000000 0.000000

